# Approximate S-PASS DR1 response: uniform RJ-temperature weights, not measured gains.
# Windows (GHz): 2.176-2.216 and 2.272-2.400; nominal frequency 2.303 GHz.
# Source: Carretti et al. 2019, MNRAS 489, 2330, Table 1 and Section 2.
# https://doi.org/10.1093/mnras/stz806
# Integration grid: 0.25 MHz; edge ramps: 0.1 Hz, negligible relative to 168 MHz.
# Zero-response points preserve the 56 MHz gap with trapezoidal integration.
# Frequency_GHz  Relative_RJ_response
2.1759999999 0.0
2.1760000000 1.0
2.1762500000 1.0
2.1765000000 1.0
2.1767500000 1.0
2.1770000000 1.0
2.1772500000 1.0
2.1775000000 1.0
2.1777500000 1.0
2.1780000000 1.0
2.1782500000 1.0
2.1785000000 1.0
2.1787500000 1.0
2.1790000000 1.0
2.1792500000 1.0
2.1795000000 1.0
2.1797500000 1.0
2.1800000000 1.0
2.1802500000 1.0
2.1805000000 1.0
2.1807500000 1.0
2.1810000000 1.0
2.1812500000 1.0
2.1815000000 1.0
2.1817500000 1.0
2.1820000000 1.0
2.1822500000 1.0
2.1825000000 1.0
2.1827500000 1.0
2.1830000000 1.0
2.1832500000 1.0
2.1835000000 1.0
2.1837500000 1.0
2.1840000000 1.0
2.1842500000 1.0
2.1845000000 1.0
2.1847500000 1.0
2.1850000000 1.0
2.1852500000 1.0
2.1855000000 1.0
2.1857500000 1.0
2.1860000000 1.0
2.1862500000 1.0
2.1865000000 1.0
2.1867500000 1.0
2.1870000000 1.0
2.1872500000 1.0
2.1875000000 1.0
2.1877500000 1.0
2.1880000000 1.0
2.1882500000 1.0
2.1885000000 1.0
2.1887500000 1.0
2.1890000000 1.0
2.1892500000 1.0
2.1895000000 1.0
2.1897500000 1.0
2.1900000000 1.0
2.1902500000 1.0
2.1905000000 1.0
2.1907500000 1.0
2.1910000000 1.0
2.1912500000 1.0
2.1915000000 1.0
2.1917500000 1.0
2.1920000000 1.0
2.1922500000 1.0
2.1925000000 1.0
2.1927500000 1.0
2.1930000000 1.0
2.1932500000 1.0
2.1935000000 1.0
2.1937500000 1.0
2.1940000000 1.0
2.1942500000 1.0
2.1945000000 1.0
2.1947500000 1.0
2.1950000000 1.0
2.1952500000 1.0
2.1955000000 1.0
2.1957500000 1.0
2.1960000000 1.0
2.1962500000 1.0
2.1965000000 1.0
2.1967500000 1.0
2.1970000000 1.0
2.1972500000 1.0
2.1975000000 1.0
2.1977500000 1.0
2.1980000000 1.0
2.1982500000 1.0
2.1985000000 1.0
2.1987500000 1.0
2.1990000000 1.0
2.1992500000 1.0
2.1995000000 1.0
2.1997500000 1.0
2.2000000000 1.0
2.2002500000 1.0
2.2005000000 1.0
2.2007500000 1.0
2.2010000000 1.0
2.2012500000 1.0
2.2015000000 1.0
2.2017500000 1.0
2.2020000000 1.0
2.2022500000 1.0
2.2025000000 1.0
2.2027500000 1.0
2.2030000000 1.0
2.2032500000 1.0
2.2035000000 1.0
2.2037500000 1.0
2.2040000000 1.0
2.2042500000 1.0
2.2045000000 1.0
2.2047500000 1.0
2.2050000000 1.0
2.2052500000 1.0
2.2055000000 1.0
2.2057500000 1.0
2.2060000000 1.0
2.2062500000 1.0
2.2065000000 1.0
2.2067500000 1.0
2.2070000000 1.0
2.2072500000 1.0
2.2075000000 1.0
2.2077500000 1.0
2.2080000000 1.0
2.2082500000 1.0
2.2085000000 1.0
2.2087500000 1.0
2.2090000000 1.0
2.2092500000 1.0
2.2095000000 1.0
2.2097500000 1.0
2.2100000000 1.0
2.2102500000 1.0
2.2105000000 1.0
2.2107500000 1.0
2.2110000000 1.0
2.2112500000 1.0
2.2115000000 1.0
2.2117500000 1.0
2.2120000000 1.0
2.2122500000 1.0
2.2125000000 1.0
2.2127500000 1.0
2.2130000000 1.0
2.2132500000 1.0
2.2135000000 1.0
2.2137500000 1.0
2.2140000000 1.0
2.2142500000 1.0
2.2145000000 1.0
2.2147500000 1.0
2.2150000000 1.0
2.2152500000 1.0
2.2155000000 1.0
2.2157500000 1.0
2.2160000000 1.0
2.2160000001 0.0
2.2719999999 0.0
2.2720000000 1.0
2.2722500000 1.0
2.2725000000 1.0
2.2727500000 1.0
2.2730000000 1.0
2.2732500000 1.0
2.2735000000 1.0
2.2737500000 1.0
2.2740000000 1.0
2.2742500000 1.0
2.2745000000 1.0
2.2747500000 1.0
2.2750000000 1.0
2.2752500000 1.0
2.2755000000 1.0
2.2757500000 1.0
2.2760000000 1.0
2.2762500000 1.0
2.2765000000 1.0
2.2767500000 1.0
2.2770000000 1.0
2.2772500000 1.0
2.2775000000 1.0
2.2777500000 1.0
2.2780000000 1.0
2.2782500000 1.0
2.2785000000 1.0
2.2787500000 1.0
2.2790000000 1.0
2.2792500000 1.0
2.2795000000 1.0
2.2797500000 1.0
2.2800000000 1.0
2.2802500000 1.0
2.2805000000 1.0
2.2807500000 1.0
2.2810000000 1.0
2.2812500000 1.0
2.2815000000 1.0
2.2817500000 1.0
2.2820000000 1.0
2.2822500000 1.0
2.2825000000 1.0
2.2827500000 1.0
2.2830000000 1.0
2.2832500000 1.0
2.2835000000 1.0
2.2837500000 1.0
2.2840000000 1.0
2.2842500000 1.0
2.2845000000 1.0
2.2847500000 1.0
2.2850000000 1.0
2.2852500000 1.0
2.2855000000 1.0
2.2857500000 1.0
2.2860000000 1.0
2.2862500000 1.0
2.2865000000 1.0
2.2867500000 1.0
2.2870000000 1.0
2.2872500000 1.0
2.2875000000 1.0
2.2877500000 1.0
2.2880000000 1.0
2.2882500000 1.0
2.2885000000 1.0
2.2887500000 1.0
2.2890000000 1.0
2.2892500000 1.0
2.2895000000 1.0
2.2897500000 1.0
2.2900000000 1.0
2.2902500000 1.0
2.2905000000 1.0
2.2907500000 1.0
2.2910000000 1.0
2.2912500000 1.0
2.2915000000 1.0
2.2917500000 1.0
2.2920000000 1.0
2.2922500000 1.0
2.2925000000 1.0
2.2927500000 1.0
2.2930000000 1.0
2.2932500000 1.0
2.2935000000 1.0
2.2937500000 1.0
2.2940000000 1.0
2.2942500000 1.0
2.2945000000 1.0
2.2947500000 1.0
2.2950000000 1.0
2.2952500000 1.0
2.2955000000 1.0
2.2957500000 1.0
2.2960000000 1.0
2.2962500000 1.0
2.2965000000 1.0
2.2967500000 1.0
2.2970000000 1.0
2.2972500000 1.0
2.2975000000 1.0
2.2977500000 1.0
2.2980000000 1.0
2.2982500000 1.0
2.2985000000 1.0
2.2987500000 1.0
2.2990000000 1.0
2.2992500000 1.0
2.2995000000 1.0
2.2997500000 1.0
2.3000000000 1.0
2.3002500000 1.0
2.3005000000 1.0
2.3007500000 1.0
2.3010000000 1.0
2.3012500000 1.0
2.3015000000 1.0
2.3017500000 1.0
2.3020000000 1.0
2.3022500000 1.0
2.3025000000 1.0
2.3027500000 1.0
2.3030000000 1.0
2.3032500000 1.0
2.3035000000 1.0
2.3037500000 1.0
2.3040000000 1.0
2.3042500000 1.0
2.3045000000 1.0
2.3047500000 1.0
2.3050000000 1.0
2.3052500000 1.0
2.3055000000 1.0
2.3057500000 1.0
2.3060000000 1.0
2.3062500000 1.0
2.3065000000 1.0
2.3067500000 1.0
2.3070000000 1.0
2.3072500000 1.0
2.3075000000 1.0
2.3077500000 1.0
2.3080000000 1.0
2.3082500000 1.0
2.3085000000 1.0
2.3087500000 1.0
2.3090000000 1.0
2.3092500000 1.0
2.3095000000 1.0
2.3097500000 1.0
2.3100000000 1.0
2.3102500000 1.0
2.3105000000 1.0
2.3107500000 1.0
2.3110000000 1.0
2.3112500000 1.0
2.3115000000 1.0
2.3117500000 1.0
2.3120000000 1.0
2.3122500000 1.0
2.3125000000 1.0
2.3127500000 1.0
2.3130000000 1.0
2.3132500000 1.0
2.3135000000 1.0
2.3137500000 1.0
2.3140000000 1.0
2.3142500000 1.0
2.3145000000 1.0
2.3147500000 1.0
2.3150000000 1.0
2.3152500000 1.0
2.3155000000 1.0
2.3157500000 1.0
2.3160000000 1.0
2.3162500000 1.0
2.3165000000 1.0
2.3167500000 1.0
2.3170000000 1.0
2.3172500000 1.0
2.3175000000 1.0
2.3177500000 1.0
2.3180000000 1.0
2.3182500000 1.0
2.3185000000 1.0
2.3187500000 1.0
2.3190000000 1.0
2.3192500000 1.0
2.3195000000 1.0
2.3197500000 1.0
2.3200000000 1.0
2.3202500000 1.0
2.3205000000 1.0
2.3207500000 1.0
2.3210000000 1.0
2.3212500000 1.0
2.3215000000 1.0
2.3217500000 1.0
2.3220000000 1.0
2.3222500000 1.0
2.3225000000 1.0
2.3227500000 1.0
2.3230000000 1.0
2.3232500000 1.0
2.3235000000 1.0
2.3237500000 1.0
2.3240000000 1.0
2.3242500000 1.0
2.3245000000 1.0
2.3247500000 1.0
2.3250000000 1.0
2.3252500000 1.0
2.3255000000 1.0
2.3257500000 1.0
2.3260000000 1.0
2.3262500000 1.0
2.3265000000 1.0
2.3267500000 1.0
2.3270000000 1.0
2.3272500000 1.0
2.3275000000 1.0
2.3277500000 1.0
2.3280000000 1.0
2.3282500000 1.0
2.3285000000 1.0
2.3287500000 1.0
2.3290000000 1.0
2.3292500000 1.0
2.3295000000 1.0
2.3297500000 1.0
2.3300000000 1.0
2.3302500000 1.0
2.3305000000 1.0
2.3307500000 1.0
2.3310000000 1.0
2.3312500000 1.0
2.3315000000 1.0
2.3317500000 1.0
2.3320000000 1.0
2.3322500000 1.0
2.3325000000 1.0
2.3327500000 1.0
2.3330000000 1.0
2.3332500000 1.0
2.3335000000 1.0
2.3337500000 1.0
2.3340000000 1.0
2.3342500000 1.0
2.3345000000 1.0
2.3347500000 1.0
2.3350000000 1.0
2.3352500000 1.0
2.3355000000 1.0
2.3357500000 1.0
2.3360000000 1.0
2.3362500000 1.0
2.3365000000 1.0
2.3367500000 1.0
2.3370000000 1.0
2.3372500000 1.0
2.3375000000 1.0
2.3377500000 1.0
2.3380000000 1.0
2.3382500000 1.0
2.3385000000 1.0
2.3387500000 1.0
2.3390000000 1.0
2.3392500000 1.0
2.3395000000 1.0
2.3397500000 1.0
2.3400000000 1.0
2.3402500000 1.0
2.3405000000 1.0
2.3407500000 1.0
2.3410000000 1.0
2.3412500000 1.0
2.3415000000 1.0
2.3417500000 1.0
2.3420000000 1.0
2.3422500000 1.0
2.3425000000 1.0
2.3427500000 1.0
2.3430000000 1.0
2.3432500000 1.0
2.3435000000 1.0
2.3437500000 1.0
2.3440000000 1.0
2.3442500000 1.0
2.3445000000 1.0
2.3447500000 1.0
2.3450000000 1.0
2.3452500000 1.0
2.3455000000 1.0
2.3457500000 1.0
2.3460000000 1.0
2.3462500000 1.0
2.3465000000 1.0
2.3467500000 1.0
2.3470000000 1.0
2.3472500000 1.0
2.3475000000 1.0
2.3477500000 1.0
2.3480000000 1.0
2.3482500000 1.0
2.3485000000 1.0
2.3487500000 1.0
2.3490000000 1.0
2.3492500000 1.0
2.3495000000 1.0
2.3497500000 1.0
2.3500000000 1.0
2.3502500000 1.0
2.3505000000 1.0
2.3507500000 1.0
2.3510000000 1.0
2.3512500000 1.0
2.3515000000 1.0
2.3517500000 1.0
2.3520000000 1.0
2.3522500000 1.0
2.3525000000 1.0
2.3527500000 1.0
2.3530000000 1.0
2.3532500000 1.0
2.3535000000 1.0
2.3537500000 1.0
2.3540000000 1.0
2.3542500000 1.0
2.3545000000 1.0
2.3547500000 1.0
2.3550000000 1.0
2.3552500000 1.0
2.3555000000 1.0
2.3557500000 1.0
2.3560000000 1.0
2.3562500000 1.0
2.3565000000 1.0
2.3567500000 1.0
2.3570000000 1.0
2.3572500000 1.0
2.3575000000 1.0
2.3577500000 1.0
2.3580000000 1.0
2.3582500000 1.0
2.3585000000 1.0
2.3587500000 1.0
2.3590000000 1.0
2.3592500000 1.0
2.3595000000 1.0
2.3597500000 1.0
2.3600000000 1.0
2.3602500000 1.0
2.3605000000 1.0
2.3607500000 1.0
2.3610000000 1.0
2.3612500000 1.0
2.3615000000 1.0
2.3617500000 1.0
2.3620000000 1.0
2.3622500000 1.0
2.3625000000 1.0
2.3627500000 1.0
2.3630000000 1.0
2.3632500000 1.0
2.3635000000 1.0
2.3637500000 1.0
2.3640000000 1.0
2.3642500000 1.0
2.3645000000 1.0
2.3647500000 1.0
2.3650000000 1.0
2.3652500000 1.0
2.3655000000 1.0
2.3657500000 1.0
2.3660000000 1.0
2.3662500000 1.0
2.3665000000 1.0
2.3667500000 1.0
2.3670000000 1.0
2.3672500000 1.0
2.3675000000 1.0
2.3677500000 1.0
2.3680000000 1.0
2.3682500000 1.0
2.3685000000 1.0
2.3687500000 1.0
2.3690000000 1.0
2.3692500000 1.0
2.3695000000 1.0
2.3697500000 1.0
2.3700000000 1.0
2.3702500000 1.0
2.3705000000 1.0
2.3707500000 1.0
2.3710000000 1.0
2.3712500000 1.0
2.3715000000 1.0
2.3717500000 1.0
2.3720000000 1.0
2.3722500000 1.0
2.3725000000 1.0
2.3727500000 1.0
2.3730000000 1.0
2.3732500000 1.0
2.3735000000 1.0
2.3737500000 1.0
2.3740000000 1.0
2.3742500000 1.0
2.3745000000 1.0
2.3747500000 1.0
2.3750000000 1.0
2.3752500000 1.0
2.3755000000 1.0
2.3757500000 1.0
2.3760000000 1.0
2.3762500000 1.0
2.3765000000 1.0
2.3767500000 1.0
2.3770000000 1.0
2.3772500000 1.0
2.3775000000 1.0
2.3777500000 1.0
2.3780000000 1.0
2.3782500000 1.0
2.3785000000 1.0
2.3787500000 1.0
2.3790000000 1.0
2.3792500000 1.0
2.3795000000 1.0
2.3797500000 1.0
2.3800000000 1.0
2.3802500000 1.0
2.3805000000 1.0
2.3807500000 1.0
2.3810000000 1.0
2.3812500000 1.0
2.3815000000 1.0
2.3817500000 1.0
2.3820000000 1.0
2.3822500000 1.0
2.3825000000 1.0
2.3827500000 1.0
2.3830000000 1.0
2.3832500000 1.0
2.3835000000 1.0
2.3837500000 1.0
2.3840000000 1.0
2.3842500000 1.0
2.3845000000 1.0
2.3847500000 1.0
2.3850000000 1.0
2.3852500000 1.0
2.3855000000 1.0
2.3857500000 1.0
2.3860000000 1.0
2.3862500000 1.0
2.3865000000 1.0
2.3867500000 1.0
2.3870000000 1.0
2.3872500000 1.0
2.3875000000 1.0
2.3877500000 1.0
2.3880000000 1.0
2.3882500000 1.0
2.3885000000 1.0
2.3887500000 1.0
2.3890000000 1.0
2.3892500000 1.0
2.3895000000 1.0
2.3897500000 1.0
2.3900000000 1.0
2.3902500000 1.0
2.3905000000 1.0
2.3907500000 1.0
2.3910000000 1.0
2.3912500000 1.0
2.3915000000 1.0
2.3917500000 1.0
2.3920000000 1.0
2.3922500000 1.0
2.3925000000 1.0
2.3927500000 1.0
2.3930000000 1.0
2.3932500000 1.0
2.3935000000 1.0
2.3937500000 1.0
2.3940000000 1.0
2.3942500000 1.0
2.3945000000 1.0
2.3947500000 1.0
2.3950000000 1.0
2.3952500000 1.0
2.3955000000 1.0
2.3957500000 1.0
2.3960000000 1.0
2.3962500000 1.0
2.3965000000 1.0
2.3967500000 1.0
2.3970000000 1.0
2.3972500000 1.0
2.3975000000 1.0
2.3977500000 1.0
2.3980000000 1.0
2.3982500000 1.0
2.3985000000 1.0
2.3987500000 1.0
2.3990000000 1.0
2.3992500000 1.0
2.3995000000 1.0
2.3997500000 1.0
2.4000000000 1.0
2.4000000001 0.0
